--trompa
x = { 343,339.75,336.5,333.25,330,326.75,323.5,326.7,330,333.25,336.5,339.75,343 }
y = { 511.7,511.7,511.65,511.6,511.55,511.55,511.5,511.6,511.55,511.6,511.65,511.7,511.75 }
xScale = { 1.0172271728515625,1.034454345703125,1.0516815185546875,1.0688934326171875,1.08612060546875,1.1033477783203125,1.120574951171875,1.10333251953125,1.08612060546875,1.0688934326171875,1.0516815185546875,1.034454345703125,1.0172271728515625 }
yScale = { 1.0172271728515625,1.034454345703125,1.0516815185546875,1.0688934326171875,1.08612060546875,1.1033477783203125,1.120574951171875,1.10333251953125,1.08612060546875,1.0688934326171875,1.0516815185546875,1.034454345703125,1.0172271728515625 }

--body
x = { 549.25,548.1,546.95,545.8,544.65,543.5,542.35,543.5,544.65,545.8,546.95,548.1,549.25,550.4 }
y = { 549.1,549.1,549.1,549.1,549.1,549.1,549.1,549.1,549.1,549.1,549.1,549.1,549.1,549.1 }

x = { 485.7,447.9,426.4,424.35,440.9,471.35,508.05,471.15,440.7,424.15,426.2,447.7,485.55,533.05 }
y = { 393.8,421.7,461.6,504.65,542.9,568.75,578,568.8,542.85,504.65,461.6,421.6,393.65,384.35 }
rotation = { 4.8137054443359375,4.8145751953125,4.8137054443359375,4.8137054443359375,4.8137054443359375,4.8137054443359375,4.9994354248046875,4.8145751953125,4.8137054443359375,4.8137054443359375,4.8137054443359375,4.812835693359375,4.812835693359375,4.9994354248046875 }
xScale = { 1.0226195106762648,1.0226359962139966,1.0226195106762648,1.0226043057099383,1.0226195106762648,1.0226195106762648,1.0228736234969682,1.022620791265107,1.0226043057099383,1.0226043057099383,1.0226195106762648,1.0226182303134999,1.0226182303134999,1.0228736234969682 }
yScale = { 0.934589761473838,0.9070360936679113,0.880629925252336,0.8540704139921798,0.8261398187746795,0.7992026267576493,0.7732827186440453,0.799176359549843,0.8261440935547902,0.8540834665998456,0.8806491171873054,0.9070581911508893,0.9346094095887296,0.9626316904580267 }

--rwing
x = { 489.6,470.45,459.75,458.2,465.2,478.2,494.35,478.25,465.25,458.3,459.85,470.6,489.65,514.65 }
y = { 447.05,464.2,486.05,509.05,529.05,543.45,550.45,543.4,528.95,509,486.15,464.25,447.1,438.25 }
rotation = { 2.0361785888671875,4.260284423828125,6.2963409423828125,8.521865844726563,10.559677124023438,12.7855224609375,14.998931884765625,12.7855224609375,10.559677124023438,8.521011352539063,6.29547119140625,4.2594146728515625,2.0361785888671875,0 }
xScale = { 0.9998835146802385,0.9997561167156555,0.9996367901798822,0.9995151889164947,0.9994083486428709,0.9992800587616355,0.9999974428177711,0.9992800587616355,0.9993933482723074,0.9994978374976449,0.9996047832702935,0.9997549833682814,0.9998682655237215,1 }
yScale = { 0.947274808372147,0.9039437855213127,0.8615652882895286,0.8192644055357732,0.7754530210456781,0.7323462391582225,0.6905335130080116,0.7323343126089964,0.7754252844013806,0.819265539045753,0.8615508852462631,0.9039334056949186,0.9472809045581811,0.9913787841796875 }

--lwing
x = { 485.7,447.9,426.4,424.35,440.9,471.35,508.05,471.15,440.7,424.15,426.2,447.7,485.55,533.05 }y = { 393.8,421.7,461.6,504.65,542.9,568.75,578,568.8,542.85,504.65,461.6,421.6,393.65,384.35 }rotation = { 4.8137054443359375,4.8145751953125,4.8137054443359375,4.8137054443359375,4.8137054443359375,4.8137054443359375,4.9994354248046875,4.8145751953125,4.8137054443359375,4.8137054443359375,4.8137054443359375,4.812835693359375,4.812835693359375,4.9994354248046875 }xScale = { 1.0226195106762648,1.0226359962139966,1.0226195106762648,1.0226043057099383,1.0226195106762648,1.0226195106762648,1.0228736234969682,1.022620791265107,1.0226043057099383,1.0226043057099383,1.0226195106762648,1.0226182303134999,1.0226182303134999,1.0228736234969682 }yScale = { 0.934589761473838,0.9070360936679113,0.880629925252336,0.8540704139921798,0.8261398187746795,0.7992026267576493,0.7732827186440453,0.799176359549843,0.8261440935547902,0.8540834665998456,0.8806491171873054,0.9070581911508893,0.9346094095887296,0.9626316904580267 }