{
						 path = "assets/Fly/XXX/wings.png",
						 x = { 300.35,300.35,300.35,300.35,300.35,300.35,300.35,300.35,300.35,300.35,300.35,300.35,300.35,300.35,300.35,300.35,300.35,300.35,300.35,300.35,300.35,300.35,300.35,300.35,300.35,300.35,300.35,300.35,300.35,300.35,300.35,300.35,300.35,300.35,300.35 },
						 y = { 255.75,260.1,264.5,268.85,273.2,277.65,281.95,286.35,282.45,278.6,274.7,270.8,266.9,263,259.1,255.25,251.35,255.3,259.1,263.05,266.9,270.8,274.65,278.6,282.45,286.35,282.45,278.6,274.7,270.8,266.9,263,259.1,255.25,251.35 },
						 rotation = { 0,0,0,0,0,0,0,0,0,0,0,0,0,0,0,0,0,0,0,0,0,0,0,0,0,0,0,0,0,0,0,0,0,0,0 },
						 xScale = { 1,1,1,1,1,1,1,1,1,1,1,1,1,1,1,1,1,1,1,1,1,1,1,1,1,1,1,1,1,1,1,1,1,1,1 },
						 yScale = { 0.937469482421875,0.87493896484375,0.8123931884765625,0.7498626708984375,0.6873321533203125,0.6248016357421875,0.562255859375,0.499725341796875,0.5553131103515625,0.61090087890625,0.666473388671875,0.7220611572265625,0.7776641845703125,0.833251953125,0.888824462890625,0.9444122314453125,1,0.9444122314453125,0.888824462890625,0.833251953125,0.7776641845703125,0.7220611572265625,0.666473388671875,0.61090087890625,0.5553131103515625,0.499725341796875,0.5553131103515625,0.61090087890625,0.666473388671875,0.7220611572265625,0.7776641845703125,0.833251953125,0.888824462890625,0.9444122314453125,1 },

						 coordsXscaleOffset = 1,
						 coordsYscaleOffset = 1,
						 xOffset = 0,
						 yOffset = 10,
						 },